# HSTS 1.0 Known Hosts database for GNU Wget.
# Edit at your own risk.
# <hostname>	<port>	<incl. subdomains>	<created>	<max-age>
www.ibm.com	0	0	1668228509	31536000
ia804603.us.archive.org	0	0	1678083434	15724800
github.com	0	1	1705367754	31536000
bench.sh	0	0	1705367754	31536000
www.youtube.com	0	0	1702717784	31536000
hn.algolia.com	0	1	1694419039	31536000
i.picsum.photos	0	0	1674693406	15552000
img.huffingtonpost.com	0	0	1704187518	31536000
superuser.com	0	0	1701672606	15552000
picsum.photos	0	0	1707187418	15552000
pillow.readthedocs.io	0	1	1707099770	31536000
nytimes.com	0	0	1701509209	63072000
upload.wikimedia.org	0	1	1706244322	106384710
archive.org	0	0	1704105832	15724800
gist.githubusercontent.com	0	0	1702618992	31536000
bringmethenews.com	0	0	1703571972	31557600
gitlab.com	0	0	1687586892	31536000
www.mnlottery.com	0	1	1696222853	31536000
www.freecodecamp.org	0	1	1681802262	31536000
ioflood.com	0	0	1706687310	31536000
raw.githubusercontent.com	0	0	1707634065	31536000
api.coronavirus.data.gov.uk	0	1	1706841375	31536000
news.google.com	0	0	1703041610	31536000
en.wikipedia.org	0	1	1707313643	106384710
traffic.megaphone.fm	0	1	1679031601	15724800
ia903100.us.archive.org	0	0	1678085002	15724800
accounts.google.com	0	1	1706563517	31536000
www.theatlantic.com	0	0	1702804443	300
www.nytimes.com	0	1	1701509209	63072000
photos.google.com	0	0	1706563516	31536000
www.twincities.com	0	1	1707080637	31536000
i.imgur.com	0	0	1695715135	300
twin-cities.umn.edu	0	0	1668228499	31536000
stakingsmile.com	0	0	1703843404	15724800
twit.tv	0	0	1681679454	604800000
teddysun.net	0	0	1668228764	31536000
developer.mozilla.org	0	0	1702960637	63072000
www.bbc.co.uk	0	0	1697534015	31536000
www.svgrepo.com	0	0	1707078347	63072000
www.podchaser.com	0	0	1644973174	15552000
trevsm.com	0	1	1703584853	63072000
www.npr.org	0	1	1699527140	15724800
launchpad.net	0	0	1660940472	15552000
www.theodinproject.com	0	1	1703588170	63072000
ibm.com	0	0	1668228509	3600
s.gr-assets.com	0	1	1697452031	47474747
apt.llvm.org	0	0	1688582245	300
unsplash.com	0	0	1687924437	31536000
goldprice.org	0	0	1703579827	31557600
dcs.megaphone.fm	0	1	1677097510	15724800
